15834664125
13596887420
13689669564
18481901642
18224089826
18783137343
15183809439
13550618344
18474762561
13890974200
15984934654
17009606727
18781945631
17151837061
18680901449
18777617834
15044554245
17191463215
15104358524
17170689615
15982941443
18215647670
14726511717
17118014053
15883651947
13408656157
17182256450
13568568047
13408543051
17138715434
18383830430
13282054658
15130509485
13654350402
15183813694
15883437046
18483603878
18227198034
15760077948
15077695450
17074960538
15281429824
17188074186
15043502642
18402865249
13419022461
18474663995
18781948380
17103123094
13550656304
13550656304
13550656304
15828417091
13408491127
13216299724
15943624094
18383805446
15183818421
15884299430
15883434848
17049444941
18327764865
13694356734
18281042421
18308414489
18782008794
18482016202
18780089274
15114075869
13568094092
13402838458
14736060369
15228840953
18308410458
15943540624
18224097582
15883818204
15031564351
18482300896
13658173747
13689645774
17026363189
18402896835
18227199804
18343554909
13438307584
13843595742
13438155400
13408011592
17191626501
18482381083
15183805594
13151517908
18349336567
15183850946
18380641465
15008389434
13668308148
15171685461
15282866480
13624351424
18227196409
15828649609
15881478845
